[array([5.30000000e+01, 3.40000000e+01, 4.40000000e+01, 4.50000000e+01,
       1.12075408e+08, 3.00000000e+01, 7.70000000e+01, 9.30000000e+01,
       8.90000000e+01, 1.60000000e+01, 8.20000000e+01, 1.08000000e+02,
       9.50000000e+01, 1.20000000e+01, 7.70000000e+01, 1.08000000e+02,
       9.50000000e+01, 1.50000000e+01, 7.20000000e+01, 1.04000000e+02,
       9.10000000e+01]), array([ 6.00000000e+00, -1.90000000e+01, -3.50000000e+01,  0.00000000e+00,
       -1.12075318e+08, -1.30000000e+01, -1.20000000e+01,  0.00000000e+00,
       -5.00000000e+00, -2.00000000e+01, -1.00000000e+01,  0.00000000e+00,
       -5.00000000e+00, -2.00000000e+01, -7.00000000e+00,  0.00000000e+00,
       -5.00000000e+00, -2.00000000e+01, -3.00000000e+00,  0.00000000e+00,
       -3.00000000e+00])]